0
25
61
92
113
140
158
64
71
78
78
80
88
96
108
117
122
131
145
158
171
183
191
199
220
234
240
125
128
146
161
189
200
215
218
235
252
280
253
274
285
299
316
349
383
399
401
406
416
408
396
335
308
310
298
242
249
253
269
292
301
308
464
483
498
512
522
536
552
561
564
900
900
900
900
900
438
467
567
691
797
833
929
1134
1250
1214
1362
1470
1800
1800
1800
1800
1800
1800
1800
1800
1800
1800
1800
1800
1800
1281
1280
1281
1278
1262
1246
1237
1223
1229
1194
1125
1119
1114
1120
1139
1146
1155
1163
1176
1194
1209
1223
1189
1204
1218
1219
1231
1234
1245
1227
1211
1208
1167
1155
1155
1151
1152
1161
1161
1166
1179
1174
1171
1187
1196
1250
1323
1315
1322
1515
1599
1668
1759
1785
1848
1874
1768
1770
1775
1784
1794
1794
1792
1794
1773
1739
1763
1640
1643
1646
1635
1672
1703
1727
1751
1770
1783
1783
1787
1814
1848
1876
1898
1899
1902
1921
1891
1898
1909
1920
1928
1937
1958
1971
1983
1992
1999
2004
1928
1936
1877
1865
1735
1729
1749
1756
1777
1796
1923
1906
1990
2095
2131
2209
2239
2449
2497
2505
2543
2556
2557
2554
2561
2519
2516
2514
2518
2522
2525
2528
2530
2530
2528
2509
2519
2495
2482
2492
2485
2493
2495
2507
2511
2524
2534
2546
2533
2528
2527
2464
2378
2182
2182
2186
2174
2163
2170
2170
2177
2179
2195
2196
2205
2230
2248
2263
2280
2302
2330
2330
2368
2420
2449
2471
2543
2663
2774
2912
3210
3207
3204
3211
3232
3177
3177
3177
3177
3176
3179
3183
2700
2700
2700
2700
2700
2700
2700
2700
2700
3224
3223
3223
3217
3223
3217
3197
3198
3184
3175
3181
3177
3177
3177
3183
3194
3190
3200
3205
3209
3218
3223
3215
3220
3232
3236
3248
3242
3256
3261
3267
2700
2700
2700
2700
2700
2700
3036
2700
2700
3045
3073
3132
3225
3245
3301
3340
3387
3423
3600
